$ANSIBLE_VAULT;1.1;AES256
34386534366335626363663132613832383435653666616436326139346331663466353633343732
3437663266656462663336346239663733383166663238390a336435616462323639626538366336
62366463663930366463653839346162623436643662396163363938393931356663386130303938
3661326536336539370a663733653736623063316466633031333862656661393262623163633161
65383631366161313434663335656462383634353161633830643632616463636464323039376130
36383334663434353239623631386264313864303634336632303061373535613863646430313163
31646231333039396638393733636164316430366465323638333737656361656632373134356537
65396336316461633335643036303065613336373432303762666535613466313934666664393465
35343964646166393631653662633839373834623936393263393064313961663733326534373332
62363230643133373466653633633762333663656330326534626436323634616330663765366534
343164393864323861356363383539646633
